{
 "cells": [
  {
   "cell_type": "code",
   "execution_count": 1,
   "outputs": [
    {
     "data": {
      "text/plain": "'C:\\\\ProgramData\\\\Anaconda3\\\\envs\\\\pythonProject1\\\\lib\\\\os.py'"
     },
     "execution_count": 1,
     "metadata": {},
     "output_type": "execute_result"
    }
   ],
   "source": [
    "import os\n",
    "os.__file__"
   ],
   "metadata": {
    "collapsed": false
   }
  },
  {
   "cell_type": "code",
   "execution_count": 120,
   "outputs": [
    {
     "data": {
      "text/plain": "          涨幅%        现价        涨跌        买价        卖价        总量        现量  \\\n涨幅%  1.000000  0.056011  0.544301  0.055965  0.055999  0.009140 -0.028981   \n现价   0.056011  1.000000 -0.411304  0.999999  1.000000 -0.114379 -0.108236   \n涨跌   0.544301 -0.411304  1.000000 -0.411321 -0.411300  0.049485  0.032182   \n买价   0.055965  0.999999 -0.411321  1.000000  0.999999 -0.114352 -0.108213   \n卖价   0.055999  1.000000 -0.411300  0.999999  1.000000 -0.114405 -0.108258   \n总量   0.009140 -0.114379  0.049485 -0.114352 -0.114405  1.000000  0.907943   \n现量  -0.028981 -0.108236  0.032182 -0.108213 -0.108258  0.907943  1.000000   \n涨速%  0.172521 -0.001009  0.125954 -0.001205 -0.001081 -0.038001 -0.037198   \n换手%  0.152315  0.053656  0.005371  0.053701  0.053645  0.164548  0.150140   \n今开   0.044653  0.999806 -0.427787  0.999805  0.999806 -0.114768 -0.108333   \n最高   0.052661  0.999898 -0.417489  0.999897  0.999898 -0.113789 -0.107660   \n最低   0.049492  0.999875 -0.420992  0.999876  0.999874 -0.114482 -0.108128   \n昨收   0.043026  0.999783 -0.430213  0.999783  0.999782 -0.114410 -0.107931   \n总金额  0.014145  0.267501 -0.117538  0.267596  0.267441  0.559871  0.497911   \n量比   0.289972  0.004757  0.085272  0.004753  0.004746  0.145514  0.071958   \n0    0.059177  0.998921 -0.432337  0.998924  0.998919 -0.108537 -0.105316   \n1   -0.010802 -0.043457  0.017619 -0.043406 -0.043494  0.955292  0.937385   \n2    0.893985 -0.173319  0.858597 -0.173359 -0.173323  0.032288 -0.003659   \n3    0.282727  0.049909  0.013425  0.049939  0.049891  0.187785  0.126191   \n4    0.181627 -0.000738  0.113493 -0.000937 -0.000810 -0.034216 -0.036580   \n\n          涨速%       换手%        今开        最高        最低        昨收       总金额  \\\n涨幅%  0.172521  0.152315  0.044653  0.052661  0.049492  0.043026  0.014145   \n现价  -0.001009  0.053656  0.999806  0.999898  0.999875  0.999783  0.267501   \n涨跌   0.125954  0.005371 -0.427787 -0.417489 -0.420992 -0.430213 -0.117538   \n买价  -0.001205  0.053701  0.999805  0.999897  0.999876  0.999783  0.267596   \n卖价  -0.001081  0.053645  0.999806  0.999898  0.999874  0.999782  0.267441   \n总量  -0.038001  0.164548 -0.114768 -0.113789 -0.114482 -0.114410  0.559871   \n现量  -0.037198  0.150140 -0.108333 -0.107660 -0.108128 -0.107931  0.497911   \n涨速%  1.000000 -0.032957 -0.003303 -0.003279 -0.002517 -0.003880 -0.038611   \n换手% -0.032957  1.000000  0.051910  0.058440  0.050013  0.053017  0.242861   \n今开  -0.003303  0.051910  1.000000  0.999822  0.999885  0.999968  0.267404   \n最高  -0.003279  0.058440  0.999822  1.000000  0.999780  0.999823  0.269666   \n最低  -0.002517  0.050013  0.999885  0.999780  1.000000  0.999880  0.266379   \n昨收  -0.003880  0.053017  0.999968  0.999823  0.999880  1.000000  0.267614   \n总金额 -0.038611  0.242861  0.267404  0.269666  0.266379  0.267614  1.000000   \n量比   0.050138  0.377587  0.003349  0.007558  0.002016  0.002761  0.143395   \n0   -0.002866  0.061473  0.999161  0.999085  0.999023  0.999195  0.294943   \n1   -0.042553  0.204568 -0.043822 -0.042382 -0.043872 -0.043442  0.730015   \n2    0.172819  0.065799 -0.188925 -0.178727 -0.182369 -0.191284 -0.061959   \n3    0.007741  0.831255  0.048706  0.054829  0.046463  0.049122  0.287189   \n4    0.996989 -0.071811 -0.002692 -0.003007 -0.001982 -0.003326 -0.047203   \n\n           量比         0         1         2         3         4  \n涨幅%  0.289972  0.059177 -0.010802  0.893985  0.282727  0.181627  \n现价   0.004757  0.998921 -0.043457 -0.173319  0.049909 -0.000738  \n涨跌   0.085272 -0.432337  0.017619  0.858597  0.013425  0.113493  \n买价   0.004753  0.998924 -0.043406 -0.173359  0.049939 -0.000937  \n卖价   0.004746  0.998919 -0.043494 -0.173323  0.049891 -0.000810  \n总量   0.145514 -0.108537  0.955292  0.032288  0.187785 -0.034216  \n现量   0.071958 -0.105316  0.937385 -0.003659  0.126191 -0.036580  \n涨速%  0.050138 -0.002866 -0.042553  0.172819  0.007741  0.996989  \n换手%  0.377587  0.061473  0.204568  0.065799  0.831255 -0.071811  \n今开   0.003349  0.999161 -0.043822 -0.188925  0.048706 -0.002692  \n最高   0.007558  0.999085 -0.042382 -0.178727  0.054829 -0.003007  \n最低   0.002016  0.999023 -0.043872 -0.182369  0.046463 -0.001982  \n昨收   0.002761  0.999195 -0.043442 -0.191284  0.049122 -0.003326  \n总金额  0.143395  0.294943  0.730015 -0.061959  0.287189 -0.047203  \n量比   1.000000  0.009971  0.114521  0.258735  0.820643  0.092715  \n0    0.009971  1.000000 -0.031802 -0.183308  0.062030 -0.002273  \n1    0.114521 -0.031802  1.000000 -0.002300  0.205239 -0.045084  \n2    0.258735 -0.183308 -0.002300  1.000000  0.181665  0.176134  \n3    0.820643  0.062030  0.205239  0.181665  1.000000  0.010182  \n4    0.092715 -0.002273 -0.045084  0.176134  0.010182  1.000000  ",
      "text/html": "<div>\n<style scoped>\n    .dataframe tbody tr th:only-of-type {\n        vertical-align: middle;\n    }\n\n    .dataframe tbody tr th {\n        vertical-align: top;\n    }\n\n    .dataframe thead th {\n        text-align: right;\n    }\n</style>\n<table border=\"1\" class=\"dataframe\">\n  <thead>\n    <tr style=\"text-align: right;\">\n      <th></th>\n      <th>涨幅%</th>\n      <th>现价</th>\n      <th>涨跌</th>\n      <th>买价</th>\n      <th>卖价</th>\n      <th>总量</th>\n      <th>现量</th>\n      <th>涨速%</th>\n      <th>换手%</th>\n      <th>今开</th>\n      <th>最高</th>\n      <th>最低</th>\n      <th>昨收</th>\n      <th>总金额</th>\n      <th>量比</th>\n      <th>0</th>\n      <th>1</th>\n      <th>2</th>\n      <th>3</th>\n      <th>4</th>\n    </tr>\n  </thead>\n  <tbody>\n    <tr>\n      <th>涨幅%</th>\n      <td>1.000000</td>\n      <td>0.056011</td>\n      <td>0.544301</td>\n      <td>0.055965</td>\n      <td>0.055999</td>\n      <td>0.009140</td>\n      <td>-0.028981</td>\n      <td>0.172521</td>\n      <td>0.152315</td>\n      <td>0.044653</td>\n      <td>0.052661</td>\n      <td>0.049492</td>\n      <td>0.043026</td>\n      <td>0.014145</td>\n      <td>0.289972</td>\n      <td>0.059177</td>\n      <td>-0.010802</td>\n      <td>0.893985</td>\n      <td>0.282727</td>\n      <td>0.181627</td>\n    </tr>\n    <tr>\n      <th>现价</th>\n      <td>0.056011</td>\n      <td>1.000000</td>\n      <td>-0.411304</td>\n      <td>0.999999</td>\n      <td>1.000000</td>\n      <td>-0.114379</td>\n      <td>-0.108236</td>\n      <td>-0.001009</td>\n      <td>0.053656</td>\n      <td>0.999806</td>\n      <td>0.999898</td>\n      <td>0.999875</td>\n      <td>0.999783</td>\n      <td>0.267501</td>\n      <td>0.004757</td>\n      <td>0.998921</td>\n      <td>-0.043457</td>\n      <td>-0.173319</td>\n      <td>0.049909</td>\n      <td>-0.000738</td>\n    </tr>\n    <tr>\n      <th>涨跌</th>\n      <td>0.544301</td>\n      <td>-0.411304</td>\n      <td>1.000000</td>\n      <td>-0.411321</td>\n      <td>-0.411300</td>\n      <td>0.049485</td>\n      <td>0.032182</td>\n      <td>0.125954</td>\n      <td>0.005371</td>\n      <td>-0.427787</td>\n      <td>-0.417489</td>\n      <td>-0.420992</td>\n      <td>-0.430213</td>\n      <td>-0.117538</td>\n      <td>0.085272</td>\n      <td>-0.432337</td>\n      <td>0.017619</td>\n      <td>0.858597</td>\n      <td>0.013425</td>\n      <td>0.113493</td>\n    </tr>\n    <tr>\n      <th>买价</th>\n      <td>0.055965</td>\n      <td>0.999999</td>\n      <td>-0.411321</td>\n      <td>1.000000</td>\n      <td>0.999999</td>\n      <td>-0.114352</td>\n      <td>-0.108213</td>\n      <td>-0.001205</td>\n      <td>0.053701</td>\n      <td>0.999805</td>\n      <td>0.999897</td>\n      <td>0.999876</td>\n      <td>0.999783</td>\n      <td>0.267596</td>\n      <td>0.004753</td>\n      <td>0.998924</td>\n      <td>-0.043406</td>\n      <td>-0.173359</td>\n      <td>0.049939</td>\n      <td>-0.000937</td>\n    </tr>\n    <tr>\n      <th>卖价</th>\n      <td>0.055999</td>\n      <td>1.000000</td>\n      <td>-0.411300</td>\n      <td>0.999999</td>\n      <td>1.000000</td>\n      <td>-0.114405</td>\n      <td>-0.108258</td>\n      <td>-0.001081</td>\n      <td>0.053645</td>\n      <td>0.999806</td>\n      <td>0.999898</td>\n      <td>0.999874</td>\n      <td>0.999782</td>\n      <td>0.267441</td>\n      <td>0.004746</td>\n      <td>0.998919</td>\n      <td>-0.043494</td>\n      <td>-0.173323</td>\n      <td>0.049891</td>\n      <td>-0.000810</td>\n    </tr>\n    <tr>\n      <th>总量</th>\n      <td>0.009140</td>\n      <td>-0.114379</td>\n      <td>0.049485</td>\n      <td>-0.114352</td>\n      <td>-0.114405</td>\n      <td>1.000000</td>\n      <td>0.907943</td>\n      <td>-0.038001</td>\n      <td>0.164548</td>\n      <td>-0.114768</td>\n      <td>-0.113789</td>\n      <td>-0.114482</td>\n      <td>-0.114410</td>\n      <td>0.559871</td>\n      <td>0.145514</td>\n      <td>-0.108537</td>\n      <td>0.955292</td>\n      <td>0.032288</td>\n      <td>0.187785</td>\n      <td>-0.034216</td>\n    </tr>\n    <tr>\n      <th>现量</th>\n      <td>-0.028981</td>\n      <td>-0.108236</td>\n      <td>0.032182</td>\n      <td>-0.108213</td>\n      <td>-0.108258</td>\n      <td>0.907943</td>\n      <td>1.000000</td>\n      <td>-0.037198</td>\n      <td>0.150140</td>\n      <td>-0.108333</td>\n      <td>-0.107660</td>\n      <td>-0.108128</td>\n      <td>-0.107931</td>\n      <td>0.497911</td>\n      <td>0.071958</td>\n      <td>-0.105316</td>\n      <td>0.937385</td>\n      <td>-0.003659</td>\n      <td>0.126191</td>\n      <td>-0.036580</td>\n    </tr>\n    <tr>\n      <th>涨速%</th>\n      <td>0.172521</td>\n      <td>-0.001009</td>\n      <td>0.125954</td>\n      <td>-0.001205</td>\n      <td>-0.001081</td>\n      <td>-0.038001</td>\n      <td>-0.037198</td>\n      <td>1.000000</td>\n      <td>-0.032957</td>\n      <td>-0.003303</td>\n      <td>-0.003279</td>\n      <td>-0.002517</td>\n      <td>-0.003880</td>\n      <td>-0.038611</td>\n      <td>0.050138</td>\n      <td>-0.002866</td>\n      <td>-0.042553</td>\n      <td>0.172819</td>\n      <td>0.007741</td>\n      <td>0.996989</td>\n    </tr>\n    <tr>\n      <th>换手%</th>\n      <td>0.152315</td>\n      <td>0.053656</td>\n      <td>0.005371</td>\n      <td>0.053701</td>\n      <td>0.053645</td>\n      <td>0.164548</td>\n      <td>0.150140</td>\n      <td>-0.032957</td>\n      <td>1.000000</td>\n      <td>0.051910</td>\n      <td>0.058440</td>\n      <td>0.050013</td>\n      <td>0.053017</td>\n      <td>0.242861</td>\n      <td>0.377587</td>\n      <td>0.061473</td>\n      <td>0.204568</td>\n      <td>0.065799</td>\n      <td>0.831255</td>\n      <td>-0.071811</td>\n    </tr>\n    <tr>\n      <th>今开</th>\n      <td>0.044653</td>\n      <td>0.999806</td>\n      <td>-0.427787</td>\n      <td>0.999805</td>\n      <td>0.999806</td>\n      <td>-0.114768</td>\n      <td>-0.108333</td>\n      <td>-0.003303</td>\n      <td>0.051910</td>\n      <td>1.000000</td>\n      <td>0.999822</td>\n      <td>0.999885</td>\n      <td>0.999968</td>\n      <td>0.267404</td>\n      <td>0.003349</td>\n      <td>0.999161</td>\n      <td>-0.043822</td>\n      <td>-0.188925</td>\n      <td>0.048706</td>\n      <td>-0.002692</td>\n    </tr>\n    <tr>\n      <th>最高</th>\n      <td>0.052661</td>\n      <td>0.999898</td>\n      <td>-0.417489</td>\n      <td>0.999897</td>\n      <td>0.999898</td>\n      <td>-0.113789</td>\n      <td>-0.107660</td>\n      <td>-0.003279</td>\n      <td>0.058440</td>\n      <td>0.999822</td>\n      <td>1.000000</td>\n      <td>0.999780</td>\n      <td>0.999823</td>\n      <td>0.269666</td>\n      <td>0.007558</td>\n      <td>0.999085</td>\n      <td>-0.042382</td>\n      <td>-0.178727</td>\n      <td>0.054829</td>\n      <td>-0.003007</td>\n    </tr>\n    <tr>\n      <th>最低</th>\n      <td>0.049492</td>\n      <td>0.999875</td>\n      <td>-0.420992</td>\n      <td>0.999876</td>\n      <td>0.999874</td>\n      <td>-0.114482</td>\n      <td>-0.108128</td>\n      <td>-0.002517</td>\n      <td>0.050013</td>\n      <td>0.999885</td>\n      <td>0.999780</td>\n      <td>1.000000</td>\n      <td>0.999880</td>\n      <td>0.266379</td>\n      <td>0.002016</td>\n      <td>0.999023</td>\n      <td>-0.043872</td>\n      <td>-0.182369</td>\n      <td>0.046463</td>\n      <td>-0.001982</td>\n    </tr>\n    <tr>\n      <th>昨收</th>\n      <td>0.043026</td>\n      <td>0.999783</td>\n      <td>-0.430213</td>\n      <td>0.999783</td>\n      <td>0.999782</td>\n      <td>-0.114410</td>\n      <td>-0.107931</td>\n      <td>-0.003880</td>\n      <td>0.053017</td>\n      <td>0.999968</td>\n      <td>0.999823</td>\n      <td>0.999880</td>\n      <td>1.000000</td>\n      <td>0.267614</td>\n      <td>0.002761</td>\n      <td>0.999195</td>\n      <td>-0.043442</td>\n      <td>-0.191284</td>\n      <td>0.049122</td>\n      <td>-0.003326</td>\n    </tr>\n    <tr>\n      <th>总金额</th>\n      <td>0.014145</td>\n      <td>0.267501</td>\n      <td>-0.117538</td>\n      <td>0.267596</td>\n      <td>0.267441</td>\n      <td>0.559871</td>\n      <td>0.497911</td>\n      <td>-0.038611</td>\n      <td>0.242861</td>\n      <td>0.267404</td>\n      <td>0.269666</td>\n      <td>0.266379</td>\n      <td>0.267614</td>\n      <td>1.000000</td>\n      <td>0.143395</td>\n      <td>0.294943</td>\n      <td>0.730015</td>\n      <td>-0.061959</td>\n      <td>0.287189</td>\n      <td>-0.047203</td>\n    </tr>\n    <tr>\n      <th>量比</th>\n      <td>0.289972</td>\n      <td>0.004757</td>\n      <td>0.085272</td>\n      <td>0.004753</td>\n      <td>0.004746</td>\n      <td>0.145514</td>\n      <td>0.071958</td>\n      <td>0.050138</td>\n      <td>0.377587</td>\n      <td>0.003349</td>\n      <td>0.007558</td>\n      <td>0.002016</td>\n      <td>0.002761</td>\n      <td>0.143395</td>\n      <td>1.000000</td>\n      <td>0.009971</td>\n      <td>0.114521</td>\n      <td>0.258735</td>\n      <td>0.820643</td>\n      <td>0.092715</td>\n    </tr>\n    <tr>\n      <th>0</th>\n      <td>0.059177</td>\n      <td>0.998921</td>\n      <td>-0.432337</td>\n      <td>0.998924</td>\n      <td>0.998919</td>\n      <td>-0.108537</td>\n      <td>-0.105316</td>\n      <td>-0.002866</td>\n      <td>0.061473</td>\n      <td>0.999161</td>\n      <td>0.999085</td>\n      <td>0.999023</td>\n      <td>0.999195</td>\n      <td>0.294943</td>\n      <td>0.009971</td>\n      <td>1.000000</td>\n      <td>-0.031802</td>\n      <td>-0.183308</td>\n      <td>0.062030</td>\n      <td>-0.002273</td>\n    </tr>\n    <tr>\n      <th>1</th>\n      <td>-0.010802</td>\n      <td>-0.043457</td>\n      <td>0.017619</td>\n      <td>-0.043406</td>\n      <td>-0.043494</td>\n      <td>0.955292</td>\n      <td>0.937385</td>\n      <td>-0.042553</td>\n      <td>0.204568</td>\n      <td>-0.043822</td>\n      <td>-0.042382</td>\n      <td>-0.043872</td>\n      <td>-0.043442</td>\n      <td>0.730015</td>\n      <td>0.114521</td>\n      <td>-0.031802</td>\n      <td>1.000000</td>\n      <td>-0.002300</td>\n      <td>0.205239</td>\n      <td>-0.045084</td>\n    </tr>\n    <tr>\n      <th>2</th>\n      <td>0.893985</td>\n      <td>-0.173319</td>\n      <td>0.858597</td>\n      <td>-0.173359</td>\n      <td>-0.173323</td>\n      <td>0.032288</td>\n      <td>-0.003659</td>\n      <td>0.172819</td>\n      <td>0.065799</td>\n      <td>-0.188925</td>\n      <td>-0.178727</td>\n      <td>-0.182369</td>\n      <td>-0.191284</td>\n      <td>-0.061959</td>\n      <td>0.258735</td>\n      <td>-0.183308</td>\n      <td>-0.002300</td>\n      <td>1.000000</td>\n      <td>0.181665</td>\n      <td>0.176134</td>\n    </tr>\n    <tr>\n      <th>3</th>\n      <td>0.282727</td>\n      <td>0.049909</td>\n      <td>0.013425</td>\n      <td>0.049939</td>\n      <td>0.049891</td>\n      <td>0.187785</td>\n      <td>0.126191</td>\n      <td>0.007741</td>\n      <td>0.831255</td>\n      <td>0.048706</td>\n      <td>0.054829</td>\n      <td>0.046463</td>\n      <td>0.049122</td>\n      <td>0.287189</td>\n      <td>0.820643</td>\n      <td>0.062030</td>\n      <td>0.205239</td>\n      <td>0.181665</td>\n      <td>1.000000</td>\n      <td>0.010182</td>\n    </tr>\n    <tr>\n      <th>4</th>\n      <td>0.181627</td>\n      <td>-0.000738</td>\n      <td>0.113493</td>\n      <td>-0.000937</td>\n      <td>-0.000810</td>\n      <td>-0.034216</td>\n      <td>-0.036580</td>\n      <td>0.996989</td>\n      <td>-0.071811</td>\n      <td>-0.002692</td>\n      <td>-0.003007</td>\n      <td>-0.001982</td>\n      <td>-0.003326</td>\n      <td>-0.047203</td>\n      <td>0.092715</td>\n      <td>-0.002273</td>\n      <td>-0.045084</td>\n      <td>0.176134</td>\n      <td>0.010182</td>\n      <td>1.000000</td>\n    </tr>\n  </tbody>\n</table>\n</div>"
     },
     "execution_count": 120,
     "metadata": {},
     "output_type": "execute_result"
    }
   ],
   "source": [
    "pd.concat([data,pd.DataFrame(fa_scores)],axis=1).corr()"
   ],
   "metadata": {
    "collapsed": false
   }
  },
  {
   "cell_type": "code",
   "execution_count": 112,
   "outputs": [
    {
     "data": {
      "text/plain": "array([0, 1, 2, 3, 4], dtype=int64)"
     },
     "execution_count": 112,
     "metadata": {},
     "output_type": "execute_result"
    },
    {
     "data": {
      "text/plain": "           0         1         2         3         4\n0   0.081352 -0.015133  0.731900  0.090850  0.019483\n1   0.372539 -0.005908  0.010261 -0.010655 -0.000985\n2  -0.100249  0.023648  0.673583 -0.108496 -0.031754\n3   0.372539 -0.005884  0.010253 -0.010633 -0.001181\n4   0.372539 -0.005933  0.010269 -0.010664 -0.001060\n5  -0.027430  0.626099  0.017243 -0.006334  0.004945\n6  -0.026791  0.621923 -0.003620 -0.053100  0.007431\n7  -0.000307  0.001903 -0.002076 -0.002092  0.994910\n8  -0.001401  0.018958 -0.060943  0.705238 -0.065533\n9   0.371428 -0.006503 -0.003171 -0.008811 -0.000067\n10  0.371999 -0.006125  0.004951 -0.005373 -0.002169\n11  0.371996 -0.005986  0.002968 -0.012070 -0.000622\n12  0.371247 -0.006392 -0.005241 -0.008072 -0.000250\n13  0.113455  0.467666 -0.020433  0.106313 -0.011137\n14 -0.009177 -0.032981  0.075989  0.683951  0.065263",
      "text/html": "<div>\n<style scoped>\n    .dataframe tbody tr th:only-of-type {\n        vertical-align: middle;\n    }\n\n    .dataframe tbody tr th {\n        vertical-align: top;\n    }\n\n    .dataframe thead th {\n        text-align: right;\n    }\n</style>\n<table border=\"1\" class=\"dataframe\">\n  <thead>\n    <tr style=\"text-align: right;\">\n      <th></th>\n      <th>0</th>\n      <th>1</th>\n      <th>2</th>\n      <th>3</th>\n      <th>4</th>\n    </tr>\n  </thead>\n  <tbody>\n    <tr>\n      <th>0</th>\n      <td>0.081352</td>\n      <td>-0.015133</td>\n      <td>0.731900</td>\n      <td>0.090850</td>\n      <td>0.019483</td>\n    </tr>\n    <tr>\n      <th>1</th>\n      <td>0.372539</td>\n      <td>-0.005908</td>\n      <td>0.010261</td>\n      <td>-0.010655</td>\n      <td>-0.000985</td>\n    </tr>\n    <tr>\n      <th>2</th>\n      <td>-0.100249</td>\n      <td>0.023648</td>\n      <td>0.673583</td>\n      <td>-0.108496</td>\n      <td>-0.031754</td>\n    </tr>\n    <tr>\n      <th>3</th>\n      <td>0.372539</td>\n      <td>-0.005884</td>\n      <td>0.010253</td>\n      <td>-0.010633</td>\n      <td>-0.001181</td>\n    </tr>\n    <tr>\n      <th>4</th>\n      <td>0.372539</td>\n      <td>-0.005933</td>\n      <td>0.010269</td>\n      <td>-0.010664</td>\n      <td>-0.001060</td>\n    </tr>\n    <tr>\n      <th>5</th>\n      <td>-0.027430</td>\n      <td>0.626099</td>\n      <td>0.017243</td>\n      <td>-0.006334</td>\n      <td>0.004945</td>\n    </tr>\n    <tr>\n      <th>6</th>\n      <td>-0.026791</td>\n      <td>0.621923</td>\n      <td>-0.003620</td>\n      <td>-0.053100</td>\n      <td>0.007431</td>\n    </tr>\n    <tr>\n      <th>7</th>\n      <td>-0.000307</td>\n      <td>0.001903</td>\n      <td>-0.002076</td>\n      <td>-0.002092</td>\n      <td>0.994910</td>\n    </tr>\n    <tr>\n      <th>8</th>\n      <td>-0.001401</td>\n      <td>0.018958</td>\n      <td>-0.060943</td>\n      <td>0.705238</td>\n      <td>-0.065533</td>\n    </tr>\n    <tr>\n      <th>9</th>\n      <td>0.371428</td>\n      <td>-0.006503</td>\n      <td>-0.003171</td>\n      <td>-0.008811</td>\n      <td>-0.000067</td>\n    </tr>\n    <tr>\n      <th>10</th>\n      <td>0.371999</td>\n      <td>-0.006125</td>\n      <td>0.004951</td>\n      <td>-0.005373</td>\n      <td>-0.002169</td>\n    </tr>\n    <tr>\n      <th>11</th>\n      <td>0.371996</td>\n      <td>-0.005986</td>\n      <td>0.002968</td>\n      <td>-0.012070</td>\n      <td>-0.000622</td>\n    </tr>\n    <tr>\n      <th>12</th>\n      <td>0.371247</td>\n      <td>-0.006392</td>\n      <td>-0.005241</td>\n      <td>-0.008072</td>\n      <td>-0.000250</td>\n    </tr>\n    <tr>\n      <th>13</th>\n      <td>0.113455</td>\n      <td>0.467666</td>\n      <td>-0.020433</td>\n      <td>0.106313</td>\n      <td>-0.011137</td>\n    </tr>\n    <tr>\n      <th>14</th>\n      <td>-0.009177</td>\n      <td>-0.032981</td>\n      <td>0.075989</td>\n      <td>0.683951</td>\n      <td>0.065263</td>\n    </tr>\n  </tbody>\n</table>\n</div>"
     },
     "execution_count": 112,
     "metadata": {},
     "output_type": "execute_result"
    },
    {
     "data": {
      "text/plain": "array([[-0.42091143,  3.95623174,  0.45448591, -0.49879789, -0.06863735],\n       [-0.34160007,  2.64320688, -0.22475405, -0.63743526, -0.26440507],\n       [-0.82739044, -0.67246859,  0.84391831,  0.19179875, -0.33371263],\n       ...,\n       [-0.78758369, -0.72146334,  1.00652635, -0.53489482,  2.44946208],\n       [-1.14354363, -0.74848126,  0.70678568,  0.22189765,  2.1927036 ],\n       [-0.93920207, -0.70675326,  0.72167003, -0.94669777, -0.07136679]])"
     },
     "execution_count": 112,
     "metadata": {},
     "output_type": "execute_result"
    }
   ],
   "source": [
    "# 1.因子分析的概念很多，作为刚入门的人，我们可以认为因子分析是主成分分析的延续\n",
    "from fa_kit import FactorAnalysis\n",
    "from fa_kit import plotting as fa_plotting\n",
    "\n",
    "fa = FactorAnalysis.load_data_samples(\n",
    "        std_data,     #标准化数据\n",
    "        preproc_demean=True,\n",
    "        preproc_scale=True\n",
    "        )\n",
    "fa.extract_components()\n",
    "# 2.设定提取主成分的方式，建议使用“top_n”法\n",
    "fa.find_comps_to_retain(method='top_n', num_keep = 5)\n",
    "# 3.通过最大方差法进行因子旋转\n",
    "fa.rotate_components()\n",
    "#查看因子权重（旋转后）\n",
    "# fa.comps['rot']\n",
    "pd.DataFrame(fa.comps['rot'])\n",
    "#因子得分\n",
    "fa_scores = fa.get_component_scores(std_data)\n",
    "fa_scores"
   ],
   "metadata": {
    "collapsed": false
   }
  },
  {
   "cell_type": "code",
   "execution_count": 94,
   "outputs": [
    {
     "data": {
      "text/plain": "            涨幅%        现价        涨跌        买价        卖价        总量        现量  \\\n涨幅%    1.000000  0.056066  0.546411  0.056014  0.056051 -0.018193 -0.045171   \n现价     0.056066  1.000000 -0.429223  0.999999  1.000000 -0.108208 -0.099648   \n涨跌     0.546411 -0.429223  1.000000 -0.429241 -0.429221  0.042166  0.026689   \n买价     0.056014  0.999999 -0.429241  1.000000  0.999999 -0.108177 -0.099622   \n卖价     0.056051  1.000000 -0.429221  0.999999  1.000000 -0.108232 -0.099668   \n总量    -0.018193 -0.108208  0.042166 -0.108177 -0.108232  1.000000  0.924971   \n现量    -0.045171 -0.099648  0.026689 -0.099622 -0.099668  0.924971  1.000000   \n涨速%    0.165643 -0.005270  0.124608 -0.005478 -0.005341 -0.036489 -0.057716   \n换手%    0.144631  0.053134 -0.008786  0.053182  0.053126  0.133517  0.127881   \n今开     0.044748  0.999812 -0.445237  0.999811  0.999812 -0.108431 -0.099638   \n最高     0.052346  0.999898 -0.435876  0.999897  0.999898 -0.107635 -0.099057   \n最低     0.049878  0.999881 -0.438245  0.999882  0.999880 -0.108174 -0.099483   \n昨收     0.043193  0.999793 -0.447526  0.999792  0.999792 -0.108089 -0.099265   \n市盈(动) -0.007686 -0.010917  0.003489 -0.010918 -0.010916 -0.005150 -0.000600   \n总金额   -0.020378  0.272103 -0.141249  0.272205  0.272048  0.564219  0.520940   \n量比     0.260640  0.003284  0.074034  0.003281  0.003276  0.114177  0.052424   \n0     -0.002667 -0.007052  0.000463 -0.007047 -0.007055  0.031594  0.029466   \n1     -0.019941 -0.007113 -0.009332 -0.007114 -0.007120  0.010063  0.009979   \n2      0.018567  0.027732 -0.020283  0.027737  0.027722 -0.018169 -0.018955   \n3      0.026414 -0.025179  0.013117 -0.025180 -0.025183 -0.004795 -0.010020   \n4      0.021359 -0.001897  0.016447 -0.001972 -0.001903 -0.011284 -0.009186   \n\n            涨速%       换手%        今开  ...        最低        昨收     市盈(动)  \\\n涨幅%    0.165643  0.144631  0.044748  ...  0.049878  0.043193 -0.007686   \n现价    -0.005270  0.053134  0.999812  ...  0.999881  0.999793 -0.010917   \n涨跌     0.124608 -0.008786 -0.445237  ... -0.438245 -0.447526  0.003489   \n买价    -0.005478  0.053182  0.999811  ...  0.999882  0.999792 -0.010918   \n卖价    -0.005341  0.053126  0.999812  ...  0.999880  0.999792 -0.010916   \n总量    -0.036489  0.133517 -0.108431  ... -0.108174 -0.108089 -0.005150   \n现量    -0.057716  0.127881 -0.099638  ... -0.099483 -0.099265 -0.000600   \n涨速%    1.000000 -0.049952 -0.007514  ... -0.006610 -0.008027 -0.001312   \n换手%   -0.049952  1.000000  0.051602  ...  0.049589  0.052807 -0.000852   \n今开    -0.007514  0.051602  1.000000  ...  0.999882  0.999968 -0.010976   \n最高    -0.007802  0.057959  0.999835  ...  0.999789  0.999841 -0.010710   \n最低    -0.006610  0.049589  0.999882  ...  1.000000  0.999878 -0.011015   \n昨收    -0.008027  0.052807  0.999968  ...  0.999878  1.000000 -0.010888   \n市盈(动) -0.001312 -0.000852 -0.010976  ... -0.011015 -0.010888  1.000000   \n总金额   -0.044600  0.212797  0.272370  ...  0.271280  0.272598 -0.008476   \n量比     0.058552  0.387519  0.002164  ...  0.000659  0.001582 -0.005270   \n0      0.003986 -0.038968 -0.006919  ... -0.006906 -0.006980  0.007639   \n1     -0.008553  0.006356 -0.006848  ... -0.007207 -0.006824  0.015024   \n2     -0.014721  0.003283  0.027993  ...  0.027462  0.027854 -0.000922   \n3     -0.014394  0.001634 -0.025148  ... -0.025172 -0.025174  0.046339   \n4      0.028834  0.009304 -0.002143  ... -0.002104 -0.002238 -0.008312   \n\n            总金额        量比             0             1             2  \\\n涨幅%   -0.020378  0.260640 -2.667264e-03 -1.994149e-02  1.856745e-02   \n现价     0.272103  0.003284 -7.052194e-03 -7.113236e-03  2.773151e-02   \n涨跌    -0.141249  0.074034  4.632278e-04 -9.331955e-03 -2.028298e-02   \n买价     0.272205  0.003281 -7.047408e-03 -7.114237e-03  2.773682e-02   \n卖价     0.272048  0.003276 -7.054893e-03 -7.119719e-03  2.772181e-02   \n总量     0.564219  0.114177  3.159372e-02  1.006296e-02 -1.816926e-02   \n现量     0.520940  0.052424  2.946639e-02  9.978968e-03 -1.895492e-02   \n涨速%   -0.044600  0.058552  3.985584e-03 -8.552842e-03 -1.472130e-02   \n换手%    0.212797  0.387519 -3.896822e-02  6.355752e-03  3.283015e-03   \n今开     0.272370  0.002164 -6.919468e-03 -6.848136e-03  2.799292e-02   \n最高     0.274260  0.006214 -7.047278e-03 -7.002680e-03  2.789729e-02   \n最低     0.271280  0.000659 -6.906187e-03 -7.207109e-03  2.746196e-02   \n昨收     0.272598  0.001582 -6.979882e-03 -6.824214e-03  2.785426e-02   \n市盈(动) -0.008476 -0.005270  7.638848e-03  1.502446e-02 -9.219545e-04   \n总金额    1.000000  0.136258  9.857693e-03  1.071465e-02  8.050259e-03   \n量比     0.136258  1.000000 -8.961901e-03 -1.467190e-02 -1.856661e-03   \n0      0.009858 -0.008962  1.000000e+00  2.042557e-16 -3.147483e-17   \n1      0.010715 -0.014672  2.042557e-16  1.000000e+00 -5.857244e-17   \n2      0.008050 -0.001857 -3.147483e-17 -5.857244e-17  1.000000e+00   \n3     -0.015342  0.033377 -8.488186e-19 -2.902214e-17  4.354237e-17   \n4     -0.008101  0.003031 -2.766408e-17 -2.878600e-17 -1.651355e-16   \n\n                  3             4  \n涨幅%    2.641363e-02  2.135909e-02  \n现价    -2.517903e-02 -1.897131e-03  \n涨跌     1.311699e-02  1.644677e-02  \n买价    -2.518048e-02 -1.971854e-03  \n卖价    -2.518325e-02 -1.902615e-03  \n总量    -4.795418e-03 -1.128353e-02  \n现量    -1.001956e-02 -9.185719e-03  \n涨速%   -1.439416e-02  2.883378e-02  \n换手%    1.634493e-03  9.304024e-03  \n今开    -2.514792e-02 -2.143061e-03  \n最高    -2.512561e-02 -1.837659e-03  \n最低    -2.517157e-02 -2.103627e-03  \n昨收    -2.517363e-02 -2.237603e-03  \n市盈(动)  4.633871e-02 -8.311916e-03  \n总金额   -1.534210e-02 -8.100749e-03  \n量比     3.337684e-02  3.030891e-03  \n0     -8.488186e-19 -2.766408e-17  \n1     -2.902214e-17 -2.878600e-17  \n2      4.354237e-17 -1.651355e-16  \n3      1.000000e+00 -1.475443e-16  \n4     -1.475443e-16  1.000000e+00  \n\n[21 rows x 21 columns]",
